T <- 
6 
B <- 
7 
N <- 
structure(c(1128596,680410,307142,355583,257316,60177,19881,1087710,687572,321827,377305,274085,95829,24243,1013213,675154,305549,365338,327174,198898,35495,1046911,669874,306042,368684,358539,210026,33628,1000639,658795,299421,362550,372472,270716,42031,858691,570096,266114,294801,338982,342409,149948), .Dim = c(7,6)) 
k <- 
structure(c(3606,4316,2923,4615,3842,1046,261,3511,4397,3070,5030,4065,1898,362,2713,3842,2369,3935,4495,3385,599,2836,3689,2329,3821,4503,3306,603,2988,4100,2484,4105,5313,4809,915,2656,3624,2311,3099,4717,5852,3198), .Dim = c(7,6)) 
