T <- 
6 
B <- 
10 
N <- 
structure(c(307055,270379,331293,228658,205914,348421,287603,222377,358484,394722,324932,263598,320020,334938,296170,349152,302094,239411,322544,241764,327312,264891,312556,340229,271998,343121,306892,250699,349198,263591,301976,271584,337067,342947,284417,352778,313227,249515,358224,253321,304034,280318,334431,340990,295196,338795,306543,248069,371832,256036,293335,276104,317046,333031,308502,336607,295818,250904,381872,271260), .Dim = c(10,6)) 
k <- 
structure(c(160,242,426,390,441,894,1048,990,2073,14702,163,346,405,574,605,1003,1147,1299,2401,14923,153,242,393,639,491,860,1107,1189,2436,14273,196,252,502,583,512,857,1230,1102,2240,13904,175,299,553,703,621,1060,1470,1193,2797,16158,199,344,620,853,856,1261,1739,1486,3334,18877), .Dim = c(10,6)) 
