T <- 
5
N <- 
c(10,11,9,10,12)
k <- 
c(2,3,4,3,5)	