T <- 
5
B <-
2
N <- 
structure(c(10,11,9,10,12,11,12,12,14,15), .Dim = c(2,5))
k <- 
structure(c(2,3,3,1,2,5,7,4,6,5), .Dim = c(2,5))