T <- 
5
N <- 
c(2100,1090,2300,2040,2900)
k <- 
c(50,40,70,110,110)